15000 20000 3.0 27.50 0.05 0.15 85.52 0.96 75.27
10000 10000 4.5 27.50 0.05 0.18 69.38 0.77 75.80
15000 30000 2.0 23.00 0.05 0.15 87.20 1.08 47.71
15000 15000 4.5 23.85 0.06 0.18 77.05 0.73 88.68
10000 10000 3.5 20.50 0.04 0.12 80.03 0.78 57.81
15000 30000 2.5 12.50 0.06 0.18 81.58 0.74 36.13
15000 30000 1.0 14.20 0.06 0.15 80.14 1.23 22.75
10000 10000 2.5 27.50 0.06 0.15 65.14 1.01 44.39
10000 15000 4.0 27.50 0.04 0.18 76.21 0.83 85.12
10000 10000 4.0 21.68 0.05 0.15 71.81 0.74 57.02
15000 20000 2.2 21.00 0.05 0.12 87.43 0.99 48.29
15000 30000 1.2 20.50 0.06 0.15 79.72 1.33 29.59
15000 20000 3.5 22.80 0.05 0.15 85.86 0.81 74.05
15000 30000 4.5 15.80 0.05 0.18 87.01 0.61 69.24
20000 30000 2.5 20.95 0.04 0.12 109.84 0.92 88.81
15000 30000 2.0 23.00 0.05 0.15 87.20 1.08 47.71
10000 15000 3.7 27.50 0.05 0.18 70.71 0.87 62.10
15000 30000 2.3 10.70 0.05 0.15 89.54 0.72 35.52
15000 30000 2.5 12.60 0.06 0.18 81.57 0.74 36.25
10000 20000 3.0 19.52 0.05 0.18 72.60 0.82 44.41
15000 20000 3.5 27.50 0.06 0.18 78.23 0.88 74.6
15000 20000 2.5 27.50 0.06 0.15 79.28 1.05 55.09
10000 20000 1.5 17.00 0.05 0.15 72.28 1.09 27.56
10000 15000 1.5 23.25 0.05 0.12 71.50 1.25 31.87
15000 15000 3.5 25.72 0.05 0.15 84.37 0.86 88.76
10000 20000 1.2 10.30 0.05 0.15 73.11 0.98 19.65
15000 15000 3.1 27.50 0.06 0.15 78.59 0.92 67.98
10000 20000 1.2 10.50 0.04 0.12 81.48 1.01 21.78
20000 30000 1.0 10.50 0.06 0.12 92.37 0.72 55.57
10000 15000 1.2 10.50 0.06 0.15 66.74 0.99 18.05
10000 15000 1.0 10.20 0.05 0.12 72.71 1.07 17.74
10000 30000 2.5 17.40 0.04 0.18 81.11 0.85 42.66
10000 10000 2.3 16.60 0.05 0.12 72.99 0.87 34.92
15000 15000 3.5 17.30 0.05 0.12 87.55 0.72 59.87
10000 10000 2.3 25.80 0.05 0.12 71.53 1.061 43.38
20000 30000 3.0 15.50 0.06 0.15 92.37 0.72 55.57
10000 20000 3.0 20.50 0.05 0.18 72.45 0.84 45.21
15000 20000 4.5 16.50 0.05 0.15 86.53 0.62 72.63
20000 30000 3.5 14.50 0.04 0.12 109.9 0.67 88.65
10000 10000 1.5 15.50 0.06 0.12 66.36 1.06 23.73
20000 30000 4.0 15.50 0.05 0.15 98.30 0.63 88.62
15000 30000 4.0 15.50 0.04 0.15 96.22 0.64 75.88
15000 20000 3.5 27.50 0.06 0.18 78.21 0.88 74.53
15000 30000 3.5 18.50 0.04 0.15 95.91 0.74 76.29
10000 15000 3.0 27.50 0.04 0.15 78.16 0.92 66.51
15000 20000 4.0 15.50 0.04 0.12 96.65 0.65 73.10
10000 20000 1.0 20.50 0.05 0.12 71.33 1.49 23.35
10000 20000 3.0 20.50 0.05 0.18 72.45 0.84 45.21
10000 15000 1.2 10.50 0.06 0.15 66.45 0.99 18.04
20000 30000 3.0 20.50 0.05 0.15 98.26 0.81 88.71
10000 15000 4.5 20.50 0.05 0.18 71.80 0.68 60.08
10000 10000 4.0 27.50 0.04 0.15 76.90 0.84 80.26
15000 15000 3.5 20.50 0.04 0.12 94.35 0.78 88.72
20000 30000 2.0 20.50 0.05 0.12 100.37 1.01 55.47
10000 30000 2.0 27.50 0.04 0.18 79.13 1.14 48.47